-7.202389104	109.9058711	2070	2016	1	19	23	11	24
-7.205753256	109.8795911	1953	2016	1	20	1	15	29
-7.212000915	109.8788241	1936	2016	1	20	1	44	21
-7.209049351	109.8592701	1651	2016	1	20	3	39	0
-7.212205606	109.8628394	1760	2016	1	20	4	16	28
-7.199030327	109.8931917	2074	2016	1	20	7	22	32
-7.202389104	109.9058711	2070	2016	1	20	8	35	53
-7.202389104	109.9058711	2070	2016	1	20	22	33	10
-7.205079201	109.862993	1788	2016	1	21	1	35	43
-7.20194201	109.8670941	1923	2016	1	21	2	19	23
-7.203261004	109.8592302	1700	2016	1	21	5	19	41
-7.202389104	109.9058711	2070	2016	1	21	13	50	45
-7.202389104	109.9058711	2070	2016	1	21	23	4	18
-7.192340823	109.8540414	1843	2016	1	22	1	8	53
-7.19907038	109.8543324	1772	2016	1	22	1	38	12
-7.195887358	109.8509263	1786	2016	1	22	1	52	55
-7.195870432	109.8586238	1784	2016	1	22	2	15	34
-7.199111584	109.8636055	1763	2016	1	22	2	31	7
-7.1982912	109.8719843	1861	2016	1	22	2	48	44
-7.199420071	109.8786739	1887	2016	1	22	3	18	2
-7.192341031	109.8797237	1866	2016	1	22	3	51	41
-7.184634503	109.8867969	1905	2016	1	22	4	28	25
-7.199068802	109.8866803	1943	2016	1	22	6	56	8
-7.202389104	109.9058711	2070	2016	1	22	8	4	55
-7.202389104	109.9058711	2070	2016	1	22	23	9	51
-7.213191904	109.8703264	1982	2016	1	23	2	58	57
-7.202025519	109.8498151	1722	2016	1	23	4	8	11
-7.198722131	109.8453136	1738	2016	1	23	4	43	44
-7.205098108	109.8452703	1671	2016	1	23	6	58	53
-7.191929212	109.8449957	1963	2016	1	23	8	14	3
-7.202389104	109.9058711	2070	2016	1	23	9	11	55
-7.202389104	109.9058711	2070	2016	1	23	22	49	40
-7.184453732	109.8720366	1989	2016	1	24	1	27	33
-7.180825934	109.8679252	2048	2016	1	24	2	11	42
-7.180777205	109.8592048	2096	2016	1	24	3	10	9
-7.176605449	109.854606	1976	2016	1	24	3	42	11
-7.172652212	109.8506043	2071	2016	1	24	4	26	55
-7.177087271	109.8628815	2000	2016	1	24	6	22	28
-7.202389104	109.9058711	2070	2016	1	24	8	29	39
-7.202389104	109.9058711	2070	2016	1	24	22	56	28
-7.18893504	109.8592117	2094	2016	1	25	1	48	30
-7.192545367	109.8635404	1871	2016	1	25	2	31	10
-7.189166643	109.8687287	2037	2016	1	25	4	29	30
-7.192710173	109.8716721	1890	2016	1	25	5	21	12
-7.18463514	109.8540063	1979	2016	1	25	7	16	13
-7.202389104	109.9058711	2070	2016	1	25	8	14	58
-7.202389104	109.9058711	2070	2016	1	26	1	0	21
-7.178287722	109.8802924	1641	2016	1	26	5	14	0
-7.202389104	109.9058711	2070	2016	1	26	7	45	30
-7.202389104	109.9058711	2070	2016	1	26	23	16	29
-7.180663783	109.8320929	1987	2016	1	27	1	45	53
-7.18842882	109.8412827	2096	2016	1	27	4	12	23
-7.188035244	109.8323095	2053	2016	1	27	4	53	21
-7.183986198	109.8369291	2049	2016	1	27	5	29	4
-7.202389104	109.9058711	2070	2016	1	27	9	20	47
-7.202389104	109.9058711	2070	2016	1	27	22	55	9
-7.195784658	109.8317826	1932	2016	1	28	2	28	42
-7.193666602	109.827559	2028	2016	1	28	4	15	43
-7.198684388	109.8269122	1769	2016	1	28	5	43	30
-7.202389104	109.9058711	2070	2016	1	28	7	44	42
-7.202389104	109.9058711	2070	2016	1	29	23	4	12
-7.189368242	109.8230784	2003	2016	1	30	4	24	44
-7.192731249	109.8190309	1866	2016	1	30	7	10	49
-7.202389104	109.9058711	2070	2016	1	30	8	45	59
-7.202389104	109.9058711	2070	2016	1	30	22	58	45
-7.192134971	109.8369537	1955	2016	1	31	2	9	22
-7.195682491	109.8236689	1765	2016	1	31	3	42	47
-7.184607075	109.8285783	2133	2016	1	31	6	2	3
-7.202389104	109.9058711	2070	2016	1	31	7	29	11
-7.202389104	109.9058711	2070	2016	1	18	23	48	0
-7.205734309	109.8866459	2013	2016	1	19	1	6	17
-7.21201962	109.8939209	2055	2016	1	19	1	25	51
-7.212370385	109.8856697	1981	2016	1	19	1	47	44
-7.220764823	109.8862469	1931	2016	1	19	2	24	24
-7.220546111	109.8781872	1829	2016	1	19	2	53	38
-7.220718217	109.8709598	1777	2016	1	19	3	21	29
-7.209175423	109.841076	1630	2016	1	19	3	48	50
-7.211798456	109.8447462	1607	2016	1	19	4	23	24
-7.202124128	109.8316215	1673	2016	1	19	5	50	16
-7.201730656	109.8404882	1701	2016	1	19	6	25	10
-7.198472776	109.8361316	1727	2016	1	19	6	49	48
-7.196666141	109.8405554	1799	2016	1	19	7	20	39
-7.202389104	109.9058711	2070	2016	1	19	8	6	8
-7.202389104	109.9058711	2070	2016	1	19	23	19	42
-7.21956641	109.8623863	1657	2016	1	20	1	12	54
-7.219443811	109.8531491	1608	2016	1	20	1	32	31
-7.220026757	109.844028	1571	2016	1	20	1	50	16
-7.211404966	109.8358088	1606	2016	1	20	2	2	52
-7.212380857	109.853348	1621	2016	1	20	2	19	58
-7.220154132	109.8266034	1529	2016	1	20	2	47	22
-7.211148661	109.8275322	1607	2016	1	20	3	16	49
-7.204272149	109.8263454	1651	2016	1	20	3	29	59
-7.219515702	109.8175216	1544	2016	1	20	3	54	30
-7.210717539	109.8181603	1584	2016	1	20	5	9	2
-7.204342001	109.8183489	1609	2016	1	20	7	11	28
-7.205370369	109.8103498	1618	2016	1	20	7	34	28
-7.202389104	109.9058711	2070	2016	1	20	9	21	31
-7.202389104	109.9058711	2070	2016	1	20	22	27	39
-7.205284111	109.8365851	1653	2016	1	21	1	2	4
-7.20838909	109.8306183	1613	2016	1	21	1	15	17
-7.21038195	109.8108167	1578	2016	1	21	1	42	27
-7.1988692	109.8109101	1643	2016	1	21	2	33	20
-7.206543127	109.802287	1555	2016	1	21	3	11	33
-7.199552172	109.8022963	1558	2016	1	21	3	29	27
-7.197930682	109.8186915	1747	2016	1	21	3	46	19
-7.192084961	109.8104297	1771	2016	1	21	4	6	39
-7.19315797	109.8022497	1615	2016	1	21	4	40	12
-7.187334525	109.8025819	1701	2016	1	21	7	7	39
-7.21990471	109.8351531	1573	2016	1	21	8	8	36
-7.209053748	109.8501958	1612	2016	1	21	8	27	32
-7.205020876	109.8541182	1691	2016	1	21	8	45	10
-7.202389104	109.9058711	2070	2016	1	21	9	11	22
-7.202389104	109.9058711	2070	2016	1	21	22	57	41
-7.205234918	109.8710887	2108	2016	1	22	1	33	32
-7.205780182	109.8943707	2049	2016	1	22	2	26	44
-7.18915733	109.8504452	1941	2016	1	22	3	43	19
-7.181507756	109.8511436	2069	2016	1	22	4	44	52
-7.184542237	109.8458112	2033	2016	1	22	5	29	23
-7.180306846	109.8411312	1942	2016	1	22	5	57	37
-7.202389104	109.9058711	2070	2016	1	22	8	15	33
-7.202389104	109.9058711	2070	2016	1	22	23	26	19
-7.183543801	109.8195255	1904	2016	1	23	1	42	27
-7.176524243	109.8189822	2013	2016	1	23	2	11	38
-7.175409589	109.8287015	1949	2016	1	23	2	44	5
-7.17293801	109.824162	2002	2016	1	23	3	26	56
-7.169135976	109.8192548	1922	2016	1	23	3	56	50
-7.168243051	109.8272709	1977	2016	1	23	6	25	36
-7.162013441	109.8208759	1829	2016	1	23	7	8	32
-7.202389104	109.9058711	2070	2016	1	23	8	47	12
-7.202389104	109.9058711	2070	2016	1	23	22	38	21
-7.175842381	109.8352927	1872	2016	1	24	2	50	26
-7.172535938	109.8331821	1850	2016	1	24	3	15	2
-7.172636454	109.840734	1914	2016	1	24	3	49	36
-7.176374164	109.8453157	2026	2016	1	24	4	27	36
-7.169323847	109.8361786	1798	2016	1	24	5	35	31
-7.161738798	109.8373387	1758	2016	1	24	6	6	24
-7.161121664	109.8293628	1753	2016	1	24	7	30	45
-7.153696515	109.8293726	1624	2016	1	24	7	50	7
-7.202389104	109.9058711	2070	2016	1	24	8	52	20
-7.202389104	109.9058711	2070	2016	1	24	22	43	28
-7.193134748	109.886251	1911	2016	1	25	1	22	4
-7.186289499	109.879331	2041	2016	1	25	1	57	30
-7.183421036	109.893637	1905	2016	1	25	3	13	51
-7.17854718	109.8865672	1899	2016	1	25	4	9	27
-7.179633679	109.8722386	1907	2016	1	25	7	31	53
-7.202389104	109.9058711	2070	2016	1	25	8	52	24
-7.202389104	109.9058711	2070	2016	1	25	23	14	2
-7.16744812	109.8455102	2071	2016	1	26	2	17	48
-7.161832241	109.8457145	1932	2016	1	26	2	53	17
-7.154982803	109.8445002	1944	2016	1	26	3	37	1
-7.153456273	109.8380751	1766	2016	1	26	5	27	6
-7.202389104	109.9058711	2070	2016	1	26	7	29	20
-7.202389104	109.9058711	2070	2016	1	26	23	20	45
-7.171827353	109.853486	2063	2016	1	27	1	59	9
-7.175086807	109.8585489	1921	2016	1	27	2	50	34
-7.181446954	109.8630427	2113	2016	1	27	4	7	42
-7.170251407	109.8634961	2150	2016	1	27	5	16	2
-7.202389104	109.9058711	2070	2016	1	27	7	20	23
-7.202389104	109.9058711	2070	2016	1	27	23	2	54
-7.177033697	109.896523	1850	2016	1	28	1	20	52
-7.16910775	109.8952019	1769	2016	1	28	1	46	14
-7.163253646	109.8941746	1649	2016	1	28	2	4	24
-7.194540546	109.8953488	2174	2016	1	28	3	46	13
-7.202389104	109.9058711	2070	2016	1	28	4	49	0
-7.202389104	109.9058711	2070	2016	1	29	23	13	1
-7.173184837	109.8684241	1996	2016	1	30	2	8	9
-7.16943083	109.8718291	1917	2016	1	30	2	34	31
-7.202389104	109.9058711	2070	2016	1	30	6	17	45
-7.202389104	109.9058711	2070	2016	1	30	23	8	25
-7.176306069	109.8115393	1923	2016	1	31	1	29	24
-7.184174528	109.8116094	1832	2016	1	31	2	41	38
-7.178094912	109.8038557	1752	2016	1	31	4	35	41
-7.202389104	109.9058711	2070	2016	1	31	7	17	0
-7.202389104	109.9058711	2070	2016	1	31	23	2	15
-7.161945948	109.8659797	1750	2016	2	1	5	4	11
-7.202389104	109.9058711	2070	2016	2	1	9	8	0
-7.202389104	109.9058711	2070	2016	2	1	23	2	3
-7.162777166	109.8729955	1745	2016	2	2	2	45	50
-7.15458222	109.8726262	1608	2016	2	2	5	19	6
-7.202389104	109.9058711	2070	2016	2	2	10	29	0
-7.202389104	109.9058711	2070	2016	2	2	23	17	9
-7.153302002	109.8559319	1672	2016	2	3	4	20	35
-7.161417745	109.8571975	1914	2016	2	3	7	34	55
-7.202389104	109.9058711	2070	2016	2	3	10	18	48
-7.202389104	109.9058711	2070	2016	2	5	23	12	40
-7.170312209	109.8809005	1932	2016	2	6	3	50	46
-7.169315113	109.8874318	1670	2016	2	6	5	40	7
-7.202389104	109.9058711	2070	2016	2	6	9	54	32
-7.202389104	109.9058711	2070	2016	2	6	23	13	11
-7.16217725	109.890365	1397	2016	2	7	4	16	21
-7.202389104	109.9058711	2070	2016	2	7	9	35	4
-7.202389104	109.9058711	2070	2016	2	7	23	12	34
-7.158127748	109.8327932	1637	2016	2	8	2	19	3
-7.165399203	109.8328019	1783	2016	2	8	3	20	57
-7.159588349	109.8417359	1796	2016	2	8	4	23	8
-7.165455696	109.8408337	1830	2016	2	8	5	26	16
-7.164860947	109.8238749	1837	2016	2	8	7	50	43
-7.202389104	109.9058711	2070	2016	2	8	10	2	18
-7.202389104	109.9058711	2070	2016	2	8	23	3	8
-7.153913443	109.8802432	1432	2016	2	9	6	54	59
-7.153857244	109.8869079	1307	2016	2	9	8	9	44
-7.202389104	109.9058711	2070	2016	2	9	13	50	58
-7.202389104	109.9058711	2070	2016	2	9	23	15	2
-7.157221208	109.8248452	1779	2016	2	10	3	15	58
-7.179714222	109.8250321	2159	2016	2	10	6	16	27
-7.202389104	109.9058711	2070	2016	2	10	7	59	4
-7.202389104	109.9058711	2070	2016	2	10	23	38	2
-7.14549823	109.8748488	1389	2016	2	11	8	43	40
-7.145427865	109.8831071	1397	2016	2	11	9	58	58
-7.202389104	109.9058711	2070	2016	2	11	14	22	59
-7.202389104	109.9058711	2070	2016	2	11	23	12	22
-7.165486639	109.8495538	1868	2016	2	12	7	14	5
-7.202389104	109.9058711	2070	2016	2	12	12	51	17
-7.202389104	109.9058711	2070	2016	2	12	22	58	20
-7.168404171	109.8125287	1939	2016	2	13	3	32	25
-7.172635033	109.8153611	2031	2016	2	13	6	12	1
-7.202389104	109.9058711	2070	2016	2	13	8	33	14
-7.202389104	109.9058711	2070	2016	2	13	23	3	44
-7.170894	109.8031229	1890	2016	2	14	3	49	28
-7.202389104	109.9058711	2070	2016	2	14	8	17	35
